18 18
0.0 0.0 0.0 9.0 -9.0 0.0 0.0 0.0 -27.0 27.0 0.0 0.0 0.0 27.0 -27.0 0.0 0.0 0.0 
0.0 0.0 0.0 9.0 -9.0 0.0 0.0 0.0 -27.0 27.0 0.0 0.0 0.0 27.0 -27.0 0.0 0.0 0.0 
0.0 0.0 0.0 9.0 -9.0 0.0 0.0 0.0 -27.0 27.0 0.0 0.0 0.0 27.0 -27.0 0.0 0.0 0.0 
0.0 0.0 0.0 -6.0 6.0 0.0 0.0 0.0 -6.0 6.0 0.0 0.0 0.0 -6.0 6.0 0.0 0.0 0.0 
0.0 0.0 0.0 -21.0 21.0 0.0 0.0 0.0 15.0 -15.0 0.0 0.0 0.0 -39.0 39.0 0.0 0.0 0.0 
0.0 0.0 0.0 -36.0 36.0 0.0 0.0 0.0 36.0 -36.0 0.0 0.0 0.0 -72.0 72.0 0.0 0.0 0.0 
0.0 0.0 0.0 -36.0 36.0 0.0 0.0 0.0 36.0 -36.0 0.0 0.0 0.0 -72.0 72.0 0.0 0.0 0.0 
0.0 0.0 0.0 -36.0 36.0 0.0 0.0 0.0 36.0 -36.0 0.0 0.0 0.0 -72.0 72.0 0.0 0.0 0.0 
0.0 0.0 0.0 -15.0 15.0 0.0 0.0 0.0 -3.0 3.0 0.0 0.0 0.0 -21.0 21.0 0.0 0.0 0.0 
0.0 0.0 0.0 6.0 -6.0 0.0 0.0 0.0 -42.0 42.0 0.0 0.0 0.0 30.0 -30.0 0.0 0.0 0.0 
0.0 0.0 0.0 27.0 -27.0 0.0 0.0 0.0 -81.0 81.0 0.0 0.0 0.0 81.0 -81.0 0.0 0.0 0.0 
0.0 0.0 0.0 27.0 -27.0 0.0 0.0 0.0 -81.0 81.0 0.0 0.0 0.0 81.0 -81.0 0.0 0.0 0.0 
0.0 0.0 0.0 27.0 -27.0 0.0 0.0 0.0 -81.0 81.0 0.0 0.0 0.0 81.0 -81.0 0.0 0.0 0.0 
0.0 0.0 0.0 -6.0 6.0 0.0 0.0 0.0 -30.0 30.0 0.0 0.0 0.0 6.0 -6.0 0.0 0.0 0.0 
0.0 0.0 0.0 -39.0 39.0 0.0 0.0 0.0 21.0 -21.0 0.0 0.0 0.0 -69.0 69.0 0.0 0.0 0.0 
0.0 0.0 0.0 -72.0 72.0 0.0 0.0 0.0 72.0 -72.0 0.0 0.0 0.0 -144.0 144.0 0.0 0.0 0.0 
0.0 0.0 0.0 -72.0 72.0 0.0 0.0 0.0 72.0 -72.0 0.0 0.0 0.0 -144.0 144.0 0.0 0.0 0.0 
0.0 0.0 0.0 -72.0 72.0 0.0 0.0 0.0 72.0 -72.0 0.0 0.0 0.0 -144.0 144.0 0.0 0.0 0.0 
